P0: 1655.2066956340523 0.0 1819.2548585234283 0.0 0.0 1656.334760722568 1019.9403399106654 0.0 0.0 0.0 1.0 0.0
P1: 1655.2066956340523 0.0 1819.2548585234283 0.0 0.0 1656.334760722568 1019.9403399106654 0.0 0.0 0.0 1.0 0.0
P2: 1655.2066956340523 0.0 1819.2548585234283 0.0 0.0 1656.334760722568 1019.9403399106654 0.0 0.0 0.0 1.0 0.0
P3: 1655.2066956340523 0.0 1819.2548585234283 0.0 0.0 1656.334760722568 1019.9403399106654 0.0 0.0 0.0 1.0 0.0
R0_rect: 1 0 0 0 1 0 0 0 1
Tr_velo_to_cam: 1 0 0 0 0 1 0 0 0 0 1 0
